SF15 Meera F 7.8 2 0 3 1 1 0 20 0 5 5 5 0 0 0 0 3 0
SF16 Aditi F 8.2 2 0 2 1 0 0 10 0 2 2 3 0 0 0 0 3 0
SF17 Riya F 8.1 2 0 3 1 1 0 25 0 5 5 5 0 0 0 0 3 0
SF19 Isha F 7.9 2 0 3 1 0 0 40 0 5 5 6 0 0 0 0 3 0
SF20 Neha F 7 1 0 2 1 1 0 60 0 5 5 5 0 0 0 0 1 0
SM04 Arjun M 9 1 0 3 1 1 0 1350 0 8 8 8 0 0 0 0 1 0
SM15 Mahesh M 8 1 0 2 0 1 0 799 0 9 8 8 0 0 0 0 1 0
SM17 Sarang M 8.76 1 0 3 0 1 0 567 0 5 5 5 0 0 0 0 1 0
SM56 Aareen M 7.89 3 0 2 1 1 0 689 0 6 5 7 0 0 0 0 5 0
SM89 Rajesh M 8.9 1 0 2 0 0 0 788 0 7 8 9 0 0 0 0 1 0
SM99 Rahul M 8.1 1 0 3 0 1 0 250 0 2 5 5 0 0 0 0 1 0
